03/10/21 13:39

Problem 1 (5 points):
Incorrect optimizer
	Correct response: [0.    1.186 0.047]
	Student response: [-7.14e-09]
[ 1.19e+00]
[ 4.65e-02]

Score += 2

Problem 2 (10 points):
Incorrect optimizer
	Correct response: [-0.459  0.211  0.39  -3.495  2.698]
	Student response: [-4.59e-01]
[ 2.11e-01]
[ 3.90e-01]
[-3.49e+00]
[ 2.70e+00]

	For A =
[[3.225 3.526 3.096 0.633 2.111]
 [1.956 0.269 0.76  2.328 4.551]
 [0.57  1.029 0.499 2.995 4.868]
 [0.862 1.952 3.964 0.137 0.786]
 [2.182 0.145 2.469 3.359 4.555]],

b =
[3.954 3.599 2.817 3.2   0.543]

Incorrect optimizer
	Correct response: [ 1.133  0.    -0.    -0.    -0.334  0.    -0.495 -0.     0.486  0.542]
	Student response: [ 1.13e+00]
[ 1.59e-09]
[-1.40e-09]
[-3.02e-08]
[-3.34e-01]
[-3.84e-10]
[-4.95e-01]
[-3.84e-09]
[ 4.86e-01]
[ 5.42e-01]

	For A =
[[3.674 1.766 0.113 1.466 2.955 1.868 2.026 2.606 0.04  1.705]
 [1.494 2.257 1.432 0.751 1.915 2.906 3.542 4.416 2.67  0.38 ]
 [3.044 2.053 0.357 0.521 2.76  1.782 1.525 3.591 2.586 0.721]
 [2.555 1.033 1.578 2.31  4.739 0.469 2.55  4.81  4.223 2.013]
 [0.426 1.388 2.907 1.164 0.082 1.327 3.756 2.606 4.974 4.115]],

b =
[3.118 0.804 3.421 3.195 3.243]

Score += 4

Problem 3 (10 points):
Incorrect optimizer
	Correct response: [5. 2. 0. 2. 0. 4.]
	Student response: [ 5.00e+00]
[ 2.00e+00]
[-7.03e-09]
[ 2.00e+00]
[-5.45e-09]
[ 4.00e+00]

Score += 4

Problem 4 (10 points):
Incorrect optimizer
	Correct response: [-1.5  1.  -0.5]
	Student response: [-1.50e+00]
[ 1.00e+00]
[-5.00e-01]

Score += 4

Problem 5 (10 points):
Incorrect optimizer
	Correct response: [0.033 0.    0.    0.309 0.658]
	Student response: [ 3.31e-02]
[ 2.48e-07]
[ 8.34e-06]
[ 3.09e-01]
[ 6.58e-01]

	A =
[[2.205 2.386 2.064 3.919 0.946]
 [2.682 3.003 3.409 1.764 2.816]
 [1.926 3.229 2.821 1.929 0.642]
 [0.085 4.197 4.41  4.997 4.897]
 [3.173 3.29  4.667 1.576 3.366]],

	b =
[2.029 0.357 0.715 4.714 3.994]

Incorrect optimizer
	Correct response: [0.    0.    0.285 0.    0.    0.    0.    0.057 0.658 0.   ]
	Student response: [ 4.03e-07]
[ 3.58e-08]
[ 2.85e-01]
[ 2.70e-08]
[ 3.36e-08]
[ 1.07e-08]
[ 3.69e-09]
[ 5.67e-02]
[ 6.58e-01]
[ 4.84e-08]

	A =
[[2.53  2.108 4.663 0.412 1.583 4.815 2.695 3.356 4.456 0.637]
 [1.195 3.405 1.321 3.55  1.265 1.751 0.229 4.455 3.838 0.847]
 [3.049 1.229 4.734 4.27  2.738 0.816 1.055 3.109 4.016 1.852]
 [3.742 1.645 0.905 3.25  0.082 4.181 2.038 0.731 4.044 4.857]
 [0.94  3.183 1.462 3.719 2.521 1.149 3.582 3.598 2.561 1.67 ]],

	b =
[4.918 4.221 4.994 2.566 1.625]

Score += 4

Code Quality (5 points):
Score += 5

Total score: 23/50 = 46.0%

-------------------------------------------------------------------------------

